WaveAmplitude: 0.06049015
SecondWaveAmplitude: 0
EffectColorB: 14
PlacedObjects: FairyParticleSettings><269.596><275.8046><5~8.660254~1~0~1.630435~1~1~5.173913~152.1739~500~65.21739~750~0~0~168.2609~191.7391~0~0~0~0.6630435~0.1086956~0~0.6413044~0.4021739~5.617392~Leaf~LINEAR~EXP~0~0~0, LightSource><165.1589><331.033><0.3736068~EffectColor1~-2.845764~146.9562~50~86.60254~0~0~None~0~0, LightSource><171.3073><552.1875><0.3736068~EffectColor1~-2.845764~146.9562~50~86.60254~0~0~None~0~0, LightSource><788.8531><411.3188><0.3736068~EffectColor1~-2.845764~146.9562~50~86.60254~0~0~None~0~0, CustomDecal><234.7172><194.1313><1.422943~766.399~578.574~771.3793~538.0209~-9.248947~-358.575~-31.30417~0.3170627~0.5669383~0~greybones~0.2216032~1~0.2216032~1~0.2216032~1~0.2216032~1, CustomDecal><90.20102><-32.63126><4.268768~333.1209~737.9407~343.0813~759.2843~-14.22916~-358.575~-31.30417~0.3170627~0.5669383~0~greybones~0.817063~1~0.817063~1~0.817063~1~0.817063~1, CustomDecal><128.6198><133.1385><9.248962~564.3449~436.2823~558.6532~408.5354~-11.38333~-236.2042~-14.22919~0~0.389074~0~greybones~0.2680028~1~0.2680028~1~0.2680028~1~0.2680028~1, CustomDecal><501.4239><131.0042><9.248962~564.3449~436.2823~558.6532~408.5354~-11.38333~-236.2042~-14.22919~0~0.389074~0~greybones~0.3298685~1~0.3298685~1~0.3298685~1~0.3298685~1, BetterDecal><647.9844><325.2323><-57.11456~26.12601~-57.11462~77.03545~111.1855~72.76668~97.66766~10.47394~-420.4718~-91.77802~True~MUL~SCREEN~NORMAL~0~0.1184095~0~True~True~True~True~True~True~lava_glow_1~0.5~0.9537261~0~1~1~1~0.5~0.9537261~0~1~1~1~0.5~0.9537261~0~1~1~1~0.5~0.9537261~0~1~1~1, BetterDecal><341.3459><283.9677><-57.11456~26.12601~-57.11462~77.03545~111.1855~72.76668~97.66766~10.47394~-420.4718~-91.77802~True~MUL~SCREEN~NORMAL~0~0.1184095~0~True~True~True~True~True~True~lava_glow_1~0.5~0.9537261~0~1~1~1~0.5~0.9537261~0~1~1~1~0.5~0.9537261~0~1~1~1~0.5~0.9537261~0~1~1~1, WallLight><316.3499><311.8564><150~50~316.3499~311.8564~-2.134338~32.41144~100~0~102.8458~32.41144~0~1~1~False~SkyColor~False~False~Always~Soft, WallLight><620.949><355.825><-242.725~99.80209~620.949~355.825~-2.134338~32.41144~100~0~102.8458~32.41144~0~1~1~False~SkyColor~False~False~Always~Soft, AirPocket><127.8886><2.334164><133.4385~204.9802~30~30~N~47.27292, CustomDecal><558.9781><243.3998><-3.557312~116.126~217.1531~126.798~203.6354~33.43854~-394.1479~-14.22919~0~0.08747797~0~orangebrick~0.4381336~0.3325295~0.3530678~0.3325295~0.3840013~1~0.5~1, LightBeam><251.6035><343.9576><24.18958~684.5814~532.3292~641.1823~602.7635~-37.70727~71.85724~-209.1688~0.7247965~0~0~0~None~0~0, CustomDecal><396.4339><256.6217><-4.980225~198.6552~204.3469~188.6948~196.5209~-3.557312~-359.9979~-167.9041~0~0.1648095~0~greybones~0.3376027~1~0.3376027~1~0.3376027~1~0.3376027~1, BetterDecal><490.4386><130.3664><-216.4813~-49.28854~-213.6354~34.34792~268.4177~37.9052~257.7458~-51.42293~-43.39893~175.0188~True~BURN~DARK~BURN~0.3247959~1~0~True~True~True~True~True~True~dirtywaterline~0.5~1~0~1~1~1~0.5~1~0~1~1~1~0.5~1~0~1~1~1~0.5~1~0~1~1~1, LightSource><339.3839><165.6056><1~EffectColor2~1.422852~138.4188~50~86.60254~0~0~None~0~0, LightSource><365.3275><323.3795><1~EffectColor1~0~100~50~86.60254~0~0~None~0~0, LightSource><670.0396><379.3031><1~EffectColor1~0~100~50~86.60254~0~0~None~0~0, LightSource><503.7048><639.582><0.7912012~EffectColor2~-176.4417~-47.27185~165.2562~-182.3287~0~0~None~0~0, LightSource><509.25><510.9229><0.7912012~EffectColor2~-176.4417~-47.27185~165.2562~-182.3287~0~0~None~0~0, WaterCutoff><445.8686><94.77033><284.9791~0~30~30~Y, LightSource><99.23572><552.4239><0.5824047~EffectColor2~0~100~59.24896~-244.2256~0~0~None~0~0, LightSource><305.7729><543.65><0.5824047~EffectColor2~0~100~59.24896~-244.2256~0~0~None~0~0, LightSource><870.6709><567.1282><0.5824047~EffectColor2~0~100~59.24896~-244.2256~0~0~None~0~0, 
FadePalette: 39, 0
