WaveLength: 0.4406705
WaveAmplitude: 0.03729016
SecondWaveLength: 0.1666667
SecondWaveAmplitude: 0
Effects: FairyParticles-0-25.73123-132.45, 
PlacedObjects: LightSource><309.3667><236.5505><0.358141~EffectColor1~0~181.8177~50~86.60254~0~0~None~0~0, LightSource><309.3303><409.1844><0.358141~EffectColor1~0~181.8177~50~86.60254~0~0~None~0~0, LightSource><685.6917><374.3229><0.358141~EffectColor1~0~169.0115~50~86.60254~0~0~None~0~0, LightSource><652.2531><226.3396><0.358141~EffectColor1~0~169.0115~50~86.60254~0~0~None~0~0, LightSource><218.2635><523.0177><0.358141~EffectColor1~0~169.0115~50~86.60254~0~0~None~0~0, LightSource><507.1157><237.7229><1~EffectColor2~7.826111~168.3~50~86.60254~0~0~None~0~0, CustomDecal><289.1445><41.37169><-14.94064~778.4938~413.5157~779.9167~423.476~0~-278.8917~-67.5885~0.3325295~1~0~greybones~0.3608017~1~0.3608017~1~0.3608017~1~0.3608017~1, LightSource><512.8946><600.901><0.6365376~EffectColor2~0~100~62.09479~-151.736~0~0~None~0~0, LightSource><709.8812><188.6323><0.6365376~EffectColor2~0~100~62.09479~-151.736~0~0~None~0~0, 
