WaterReflectionAlpha: 0
EffectColorB: 14
PlacedObjects: LightSource><554.6851><199.5078><1~EffectColor1~46.24475~561.025~50~86.60254~0~0~None~0~0, FairyParticleSettings><307.4532><300.8162><5~8.660254~1~0~1.630435~1~1~5.173913~152.1739~500~65.21739~750~0~0~168.2609~191.7391~0~0~0~0.6630435~0.1086956~0~0.6413044~0.4021739~5.617392~Leaf~LINEAR~EXP~0~0~0, LightSource><373.5898><1816.379><0.5978712~EffectColor1~5.691681~82.92499~50~86.60254~0~0~None~0~0, LightSource><606.325><1795.052><0.5978712~EffectColor1~5.691681~82.92499~50~86.60254~0~0~None~0~0, LightBeam><208.3166><1020.511><29.16983~1287.898~525.926~1292.167~679.601~-6.403107~-261.8166~795.4104~0.03653767~0~0~1~None~0~0, CustomDecal><147.754><1670.117><0.7114563~327.4292~699.5219~286.1646~671.0635~-12.09479~-316.5989~30.59271~0.3093297~0.4122736~0~greybones~0.2061367~1~0.2061367~1~0.2061367~1~0.2061367~1, CustomDecal><171.624><1711.099><4.980194~763.5532~682.4469~762.1303~671.0635~-12.09479~-316.5989~30.59271~0.3093297~1~0~greybones~0.1520038~1~0.1520038~1~0.1520038~1~0.1520038~1, CustomDecal><150.2802><1029.185><4.980194~763.5532~682.4469~762.1303~671.0635~-12.09479~-316.5989~30.59271~0.3093297~1~0~greybones~0.1520038~1~0.1520038~1~0.1520038~1~0.1520038~1, CustomDecal><182.2958><437.9635><-54.07083~1016.832~799.126~941.4178~769.9562~-12.09479~-316.5989~30.59271~0.3093297~1~0~greybones~0.1520038~1~0.1520038~1~0.1520038~1~0.1520038~1, LightSource><469.725><1106.735><0.5978712~EffectColor1~5.691681~82.92499~50~86.60254~0~0~None~0~0, LightSource><547.274><1113.138><0.5978712~EffectColor1~5.691681~82.92499~50~86.60254~0~0~None~0~0, LightSource><686.0083><1107.446><0.5978712~EffectColor1~5.691681~82.92499~50~86.60254~0~0~None~0~0, LightSource><865.2958><1192.11><0.3040082~EffectColor1~19.92084~163.3198~50~86.60254~0~0~None~0~0, LightSource><848.9323><1052.664><0.3040082~EffectColor1~13.5177~168.3~50~86.60254~0~0~None~0~0, LightSource><438.6763><1639.358><0.6365383~EffectColor2~8.537476~189.6438~50~86.60254~0~0~None~0~0, LightSource><619.8428><1638.53><0.6365383~EffectColor2~8.537476~189.6438~50~86.60254~0~0~None~0~0, LightSource><870.2761><1861.217><0.381341~EffectColor1~3.557312~196.0469~50~86.60254~0~0~None~0~0, LightSource><869.5646><1463.511><0.381341~EffectColor1~3.557312~196.0469~50~86.60254~0~0~None~0~0, LightSource><742.2136><1638.53><1~EffectColor1~7.114563~97.86562~50~86.60254~0~0~None~0~0, LightSource><309.6469><533.9626><0.3040082~EffectColor1~7.114594~127.7468~50~86.60254~0~0~None~0~0, LightSource><331.7021><382.4218><0.7602692~EffectColor2~43.39899~191.778~50~86.60254~0~0~None~0~0, CustomDecal><152.4146><1.080196><-146.5604~994.0653~953.5125~944.2636~920.7855~-15.65208~-316.5989~30.59271~0.3093297~1~0~greybones~0.159737~1~0.159737~1~0.159737~1~0.159737~1, BetterDecal><524.4109><178.439><-407.8636~-69.20937~-412.8438~37.19377~463.3574~40.0396~462.6458~-55.69167~-226.2437~74.70313~True~MUL~OVERLAY~GLOW~0.4949268~1~0~True~True~True~True~True~True~orangerectangle~0.5~0~0~1~1~1~0.5~0~0~1~1~1~0.5~1~0~1~1~1~0.5~1~0~1~1~1, CustomDecal><401.3226><13.43722><-31.30417~538.7322~398.5749~638.3365~518.1001~77.54896~-404.1084~3.557236~0.8429237~1~0~purplejagged~0.5~0~0.5~0~0.2216031~0.9821216~0.1288044~0.9821216, CustomDecal><608.9562><163.2326><-2.134399~155.2563~254.1489~185.849~256.2833~40.55313~-303.7927~-16.3636~0~1~0~tag junk18~0.5~0~0.1520041~0~0.5~1~0.05147188~1, LightSource><550.7325><181.1296><0.05654443~EffectColor1~12.80621~2063.625~50~86.60254~0~1~None~0~0, LightSource><924.8087><2185.803><1~EffectColor1~-2.134521~112.0948~-465.8073~-230.7079~0~0~None~0~0, LightSource><150.9722><1785.522><0.6288041~EffectColor2~0~100~50~86.60254~0~0~None~0~0, LightSource><873.8333><1945.88><0.6288041~EffectColor2~0~100~50~86.60254~0~0~None~0~0, LightSource><197.2365><329.0625><0.6288041~EffectColor2~0~100~50~86.60254~0~0~None~0~0, 
FadePalette: 39, 0, 0, 0
