Template: wasa_settingstemplate_lavainside
WaveSpeed: 0.5309336
WaveAmplitude: 0.1068891
SecondWaveAmplitude: 0
PlacedObjects: LightSource><370.051><469.4107><0.3504075~EffectColor1~-1.422913~134.8615~126.126~-149.6017~0~0~None~0~0, LightSource><507.8271><470.3698><0.3504075~EffectColor1~-1.422913~134.8615~126.126~-149.6017~0~0~None~0~0, LightSource><651.5417><468.2354><0.3504075~EffectColor1~-1.422913~134.8615~126.126~-149.6017~0~0~None~0~0, LightSource><789.5646><473.9271><0.3504075~EffectColor1~-1.422913~134.8615~126.126~-149.6017~0~0~None~0~0, WallLight><361.0626><223.4186><265.9677~-107.9438~361.0626~223.4186~0~61.58127~56.60101~-2.845856~61.58124~53.04373~0~1~1~True~WaterSurfaceColor2~False~False~Always~Soft, WallLight><283.7177><221.3594><265.9677~-107.9438~283.7177~221.3594~-5.691681~57.31253~56.60101~-2.845856~61.58124~53.04373~0~1~1~True~WaterSurfaceColor2~False~False~Always~Soft, WallLight><199.7656><217.0906><265.9677~-107.9438~199.7656~217.0906~-5.691681~57.31253~56.60101~-2.845856~61.58124~53.04373~0~1~1~True~WaterSurfaceColor2~False~False~Always~Soft, BetterDecal><506.6416><284.6078><-52.84589~-120.4344~-42.88538~157.4302~37.90515~158.1417~50~-112.6083~-406.9542~-92.48959~True~MUL~SCREEN~MUL~0.1159986~0.2034756~0~True~False~False~False~False~False~blackpixel~1~1~0~1~1~1~1~1~0~1~1~1~1~1~0~1~1~1~1~1~0~1~1~1, BetterDecal><657.2333><280.4104><-52.84589~-120.4344~-42.88538~157.4302~37.90515~158.1417~50~-112.6083~-406.9542~-92.48959~True~MUL~SCREEN~MUL~0.1159986~0.2034756~0~True~False~False~False~False~False~blackpixel~1~1~0~1~1~1~1~1~0~1~1~1~1~1~0~1~1~1~1~1~0~1~1~1, LightSource><231.968><642.2736><0.5282732~EffectColor1~211.3031~-32.3313~50~-223.5933~0~0~None~0~0, LightSource><849.0497><268.0143><0.5978726~EffectColor2~0~100~50~86.60254~0~0~None~0~0, LightSource><229.6469><687.3646><0.744804~EffectColor2~0~100~17.27292~-256.3204~0~0~None~0~0, 
