Template: NONE
Grime: 0
Palette: 4500
TerrainLight: 1
TerrainStainAmount: 1
TerrainStainBrightness: 1
TerrainStainHeight: 1
TerrainWaves: 0.4175932
TerrainEdgeRadius: 81.6531
TerrainGooHeight: 0.1416095
TerrainDepth: 0.4519185
TerrainPalette: ashen
Effects: FairyParticles-0-336.6385-35.69167, SurfaceSandstorm-0-20-20, 
PlacedObjects: TerrainHandle><1084.779><127.7163><-247.7457~-27.03539~40~0~15.01979, TerrainHandle><109.4717><129.1818><-40~0~310.3542~-34.86145~20, BlackSpot><14.74741><33.98438><2.134384~108.3~83.39896~106.1656~190.1177~17.07499, BlackSpot><1083.872><31.39999><-35.57288~65.6125~111.1459~128.9323~109.7229~30.5927, TerrainHandle><487.4315><57.30893><-104.7426~19.20937~350.1959~7.629395E-06~74.7823, CustomDecal><78.12785><0.2422791><2.845856~682.4469~1099.362~671.775~1107.188~-8.5375~-94.6239~178.5761~0.317063~1~0~greybones~0.1906705~1~0.1906705~1~0.1906705~1~0.1906705~1, LightSource><587.8837><432.6257><0.2421417~White~-689.4031~-458.4948~50~86.60254~0~0~None~0~0, FairyParticleSettings><388.3626><268.7435><5~8.660254~1~0~1.630435~1~1~5.173913~152.1739~500~65.21739~750~0~0~168.2609~191.7391~0~0~0~0.6630435~0.1086956~0~0.6413044~0.4021739~5.617392~Leaf~LINEAR~EXP~0~0~0, CustomDecal><234.4839><138.8227><-11.38333~136.7583~193.675~191.5406~234.2281~30.59271~-360.7094~-191.3823~0.4175952~1~0~tag junk18~0.1442709~0~0.3530686~0~0.1288043~0.8893229~0.1520042~0.8893229, TerrainRubble><557.4494><115.297><-450.3531~70.11874, LocalBlizzard><520.7657><393.0646><-1044.421~572.4083~50~86.60254~0.3194746~0.6469302~0, BlackSpot><-28.83272><-38.15271><-2.134369~174.4656~195.8094~100.474~205.7698~0, BlackSpot><957.8646><-39.03437><76.83728~138.8927~210.7501~160.2365~205.7698~0, 
AmbientSounds: OMNI><RWTW_AmbInterior.ogg><729.0386><324.3249><0.7783973><1, OMNI><RWTW_DustStorm_Gusting.ogg><708.2315><525.4845><0.5077329><1, 
BackgroundType: ashenwastes
